Login: 2024-05-30 13:02:09.001866
Logout: 2024-05-30 13:02:14.430917
Login: 2024-06-04 00:20:48.821245
Logout: 2024-06-04 00:21:10.585117
