Login: 2024-06-27 20:19:25.610448
Logout: 2024-06-27 20:19:27.719342
Login: 2024-06-27 20:21:59.752269
Logout: 2024-06-27 20:22:01.820089
