Login: 2024-05-30 13:02:37.383515
Logout: 2024-05-30 13:02:43.950417
Login: 2024-06-13 11:29:12.093015
Login: 2024-06-13 11:29:39.644652
